10010,2020-01-16,14:03:15,-2.3,-5.3,1001.2,1001.6,28.5,17.0,0.11,0.0,110000,50.7,146
10010,2020-01-16,14:03:16,-2.9,-5.3,1001.1,1001.6,28.5,17.2,0.11,0.0,110000,50.7,147
10010,2020-01-16,14:03:17,-2.9,-5.3,1001.2,1001.6,28.4,17.0,0.11,0.0,110000,50.8,146
10010,2020-01-16,14:03:18,-2.9,-5.3,1001.2,1001.6,28.4,17.2,0.11,0.0,110000,50.8,147
10010,2020-01-16,14:03:19,-2.3,-4.9,1001.2,1001.6,28.3,17.3,0.11,0.0,110000,50.8,147
10010,2020-01-16,14:03:20,-2.3,-4.9,1001.3,1001.6,28.2,17.2,0.11,0.0,110000,50.8,147
10010,2020-01-16,14:03:21,-2.3,-5.3,1001.3,1001.6,28.3,17.0,0.11,0.0,110000,50.8,148
10010,2020-01-16,14:03:22,-2.3,-4.9,1001.3,1001.6,28.4,16.9,0.11,0.0,110000,50.9,147
10010,2020-01-16,14:03:23,-2.9,-4.9,1001.3,1001.6,28.4,16.8,0.11,0.0,110000,50.9,147
10010,2020-01-16,14:03:24,-2.3,-5.3,1001.3,1001.6,28.4,16.9,0.11,0.0,110000,50.9,147
10010,2020-01-16,14:03:25,-2.3,-5.3,1001.2,1001.6,28.3,17.0,0.11,0.0,110000,51.0,147
10010,2020-01-16,14:03:26,-2.9,-4.9,1001.3,1001.6,28.4,17.2,0.11,0.0,110000,51.0,147
10010,2020-01-16,14:03:28,-2.3,-5.3,1001.3,1001.6,28.4,16.9,0.11,0.0,110000,51.1,147
10010,2020-01-16,14:03:29,-2.9,-5.3,1001.3,1001.6,28.3,16.8,0.11,0.0,110000,51.0,148
10010,2020-01-16,14:03:30,-2.3,-4.9,1001.3,1001.6,28.4,16.9,0.11,0.0,110000,51.0,147
10010,2020-01-16,14:03:31,-2.3,-4.9,1001.2,1001.6,28.4,16.8,0.11,0.0,110000,51.0,147
10010,2020-01-16,14:03:32,-2.3,-4.9,1001.2,1001.6,28.5,16.9,0.11,0.0,110000,51.0,147
10010,2020-01-16,14:03:33,-2.3,-5.3,1001.2,1001.6,28.4,17.0,0.11,0.0,110000,51.0,147
10010,2020-01-16,14:03:34,-2.3,-5.3,1001.2,1001.6,28.5,16.9,0.11,0.0,110000,51.1,147
10010,2020-01-16,14:03:35,-2.3,-4.9,1001.2,1001.6,28.4,17.0,0.11,0.0,110000,51.0,147
10010,2020-01-16,14:03:36,-2.3,-5.3,1001.1,1001.6,28.4,16.9,0.11,0.0,110000,51.0,147
10010,2020-01-16,14:03:37,-2.3,-5.3,1001.1,1001.6,28.4,16.8,0.11,0.0,110000,51.0,147
10010,2020-01-16,14:03:38,-2.3,-4.9,1001.1,1001.6,28.4,16.6,0.11,0.0,110000,51.1,147
10010,2020-01-16,14:03:39,-2.3,-5.3,1001.1,1001.6,28.3,16.5,0.11,0.0,110000,51.1,148
10010,2020-01-16,14:03:40,-2.3,-4.9,1001.1,1001.6,28.4,16.6,0.11,0.0,110000,51.1,147
10010,2020-01-16,14:03:41,-2.3,-5.3,1001.1,1001.6,28.4,16.8,0.11,0.0,110000,51.1,147
10010,2020-01-16,14:03:42,-2.3,-4.9,1001.1,1001.6,28.4,16.6,0.11,0.0,110000,51.1,147
10010,2020-01-16,14:03:43,-2.3,-5.3,1001.1,1001.6,28.4,16.8,0.11,0.0,110000,51.2,147
10010,2020-01-16,14:03:44,-2.3,-5.3,1001.0,1001.6,28.5,16.6,0.11,0.0,110000,51.1,147
10010,2020-01-16,14:03:45,-2.3,-4.9,1001.1,1001.6,28.5,16.5,0.11,0.0,110000,51.1,148
10010,2020-01-16,14:11:10,-2.3,-5.3,1000.4,1002.0,29.7,20.2,0.11,0.0,110000,50.1,145
10010,2020-01-16,14:11:11,-2.8,-4.9,1000.4,1002.0,29.7,20.3,0.11,0.0,110000,50.1,145
10010,2020-01-16,14:11:20,-2.8,-4.9,1000.1,1001.9,29.6,20.4,0.11,0.0,110000,50.1,146
10010,2020-01-16,14:11:21,-2.8,-5.3,1000.1,1001.9,29.6,20.6,0.11,0.0,110000,50.0,146
10010,2020-01-16,14:11:22,-2.3,-4.9,1000.2,1001.9,29.5,20.7,0.11,0.0,110000,50.0,146
10010,2020-01-16,14:11:23,-2.8,-4.9,1000.1,1002.0,29.6,20.6,0.11,0.0,110000,50.0,146
10010,2020-01-16,14:11:24,-2.8,-4.9,1000.1,1002.0,29.5,20.7,0.11,0.0,110000,50.0,146
10010,2020-01-16,14:11:35,-2.8,-4.9,1000.1,1001.9,29.4,20.6,0.11,0.0,110000,50.1,145
10010,2020-01-16,14:11:36,-2.8,-5.3,1000.2,1001.9,29.3,20.4,0.11,0.0,110000,50.1,145
10010,2020-01-16,14:11:37,-2.3,-5.3,1000.1,1002.0,29.3,20.6,0.11,0.0,110000,50.1,146
10010,2020-01-16,14:11:38,-2.8,-5.3,1000.2,1001.9,29.2,20.7,0.11,0.0,110000,50.1,146
10010,2020-01-16,14:11:39,-2.3,-5.3,1000.1,1002.0,29.1,20.6,0.11,0.0,110000,50.1,146
10010,2020-01-16,14:11:40,-2.3,-5.3,1000.2,1002.0,29.1,20.4,0.11,0.0,110000,50.1,145
10010,2020-01-16,14:11:41,-2.3,-5.3,1000.2,1002.0,29.1,20.3,0.11,0.0,110000,50.1,146
10010,2020-01-16,14:11:42,-2.3,-4.9,1000.2,1002.0,29.2,20.4,0.11,0.0,110000,50.0,145
10010,2020-01-16,14:11:43,-2.8,-5.3,1000.2,1002.0,29.3,20.6,0.11,0.0,110000,50.0,0
10010,2020-01-16,14:11:44,-2.8,-5.3,1000.3,1002.0,29.2,20.7,0.11,0.0,110000,50.0,145
10010,2020-01-16,14:11:45,-2.8,-5.3,1000.2,1002.0,29.3,20.6,0.11,0.0,110000,50.0,146
10010,2020-01-16,14:11:46,-2.3,-4.9,1000.2,1002.0,29.2,20.7,0.11,0.0,110000,50.0,146
10010,2020-01-16,14:11:47,-2.8,-5.3,1000.1,1002.0,29.3,20.9,0.11,0.0,110000,50.1,146
10010,2020-01-16,14:11:48,-2.3,-4.9,1000.1,1002.0,29.2,21.0,0.11,0.0,110000,50.1,146
10010,2020-01-16,14:11:49,-2.3,-4.9,1000.1,1002.0,29.1,21.1,0.11,0.0,110000,50.1,146
10010,2020-01-16,14:11:50,-2.3,-5.3,1000.1,1002.0,29.1,21.3,0.11,0.0,110000,50.1,146
10010,2020-01-16,14:11:51,-2.3,-4.9,1000.1,1002.0,29.1,21.4,0.11,0.0,110000,50.1,146
10010,2020-01-16,14:11:52,-2.3,-4.9,1000.1,1002.0,29.2,21.3,0.11,0.0,110000,50.0,146
10010,2020-01-16,14:11:53,-2.3,-4.9,1000.1,1002.0,29.1,21.4,0.11,0.0,110000,50.0,146
10010,2020-01-16,14:11:54,-2.8,-5.3,1000.0,1002.0,29.2,21.5,0.11,0.0,110000,50.0,145
10010,2020-01-16,14:11:55,-2.3,-4.9,1000.0,1002.0,29.1,21.7,0.11,0.0,110000,50.1,145
10010,2020-01-16,14:11:56,-2.8,-5.3,1000.0,1002.0,29.2,21.5,0.11,0.0,110000,50.1,145
10010,2020-01-16,14:11:57,-2.3,-4.9,1000.0,1002.0,29.1,21.4,0.11,0.0,110000,50.1,145
10010,2020-01-16,14:11:58,-2.3,-5.3,1000.0,1002.0,29.1,21.5,0.11,0.0,110000,50.1,145
10010,2020-01-16,14:11:59,-2.8,-4.9,1000.1,1002.0,29.0,21.4,0.11,0.0,110000,50.1,145
10010,2020-01-16,14:12:00,-2.3,-5.3,1000.1,1002.0,29.1,21.5,0.11,0.0,110000,50.1,145
10010,2020-01-23,11:58:19,-5.5,-7.3,1003.4,1004.6,20.5,29.9,0.08,0.0,110000,82.9,254
10010,2020-01-23,11:58:20,-5.0,-7.9,1003.5,1004.6,20.4,30.1,0.08,0.0,110000,82.9,254
10010,2020-01-23,11:58:21,-5.5,-7.3,1003.4,1004.6,20.5,29.9,0.08,0.0,110000,82.9,254
10010,2020-01-23,11:58:22,-5.0,-7.9,1003.5,1004.6,20.4,30.1,0.08,0.0,110000,82.9,253
10010,2020-01-23,11:58:23,-5.0,-7.3,1003.5,1004.5,20.5,30.2,0.08,0.0,110000,82.8,253
10010,2020-01-23,11:58:24,-5.0,-7.9,1003.5,1004.6,20.4,30.1,0.08,0.0,110000,82.8,253
10010,2020-01-23,11:58:25,-5.5,-7.3,1003.5,1004.5,20.3,30.2,0.08,0.0,110000,82.8,253
10010,2020-01-23,11:58:26,-5.0,-7.3,1003.5,1004.6,20.4,30.1,0.08,0.0,110000,82.9,253
10010,2020-01-23,11:58:27,-5.0,-7.9,1003.5,1004.6,20.3,30.2,0.08,0.0,110000,82.8,253
10010,2020-01-23,11:58:28,-5.5,-7.3,1003.5,1004.6,20.3,30.1,0.08,0.0,110000,82.9,253
10010,2020-01-23,11:58:29,-5.0,-7.9,1003.5,1004.5,20.2,30.2,0.08,0.0,110000,82.9,254
10010,2020-01-23,11:58:30,-5.0,-7.3,1003.5,1004.5,20.3,30.4,0.08,0.0,110000,82.9,254
10010,2020-01-23,11:58:31,-5.5,-7.9,1003.5,1004.5,20.2,30.2,0.08,0.0,110000,82.8,254
10010,2020-01-23,11:58:32,-5.0,-7.3,1003.5,1004.6,20.1,30.1,0.08,0.0,110000,82.8,253
10010,2020-01-23,11:58:33,-5.0,-7.3,1003.5,1004.6,20.1,29.9,0.08,0.0,110000,82.8,253
10010,2020-01-23,11:58:34,-5.5,-7.3,1003.5,1004.6,20.0,29.8,0.08,0.0,110000,82.7,253
10010,2020-01-23,11:58:35,-5.5,-7.9,1003.5,1004.6,20.1,29.9,0.08,0.0,110000,82.7,253
10010,2020-01-23,11:58:36,-5.5,-7.3,1003.5,1004.6,20.1,29.8,0.08,0.0,110000,82.7,253
10010,2020-01-23,11:58:37,-5.5,-7.9,1003.5,1004.5,20.1,29.7,0.08,0.0,110000,82.7,252
10010,2020-01-23,11:58:38,-5.5,-7.3,1003.5,1004.5,20.1,29.5,0.08,0.0,110000,82.7,252
10010,2020-01-23,11:58:39,-5.5,-7.9,1003.5,1004.5,20.1,29.4,0.08,0.0,110000,82.8,252
10010,2020-01-23,11:58:40,-5.5,-7.9,1003.5,1004.5,20.0,29.5,0.08,0.0,110000,82.7,251
10010,2020-01-23,11:58:41,-5.0,-7.9,1003.5,1004.5,20.1,29.4,0.08,0.0,110000,82.8,251
10010,2020-01-23,11:58:42,-5.0,-7.9,1003.5,1004.5,20.1,29.5,0.08,0.0,110000,82.7,251
10010,2020-01-23,11:58:43,-5.0,-7.9,1003.5,1004.5,20.2,29.4,0.08,0.0,110000,82.8,251
10010,2020-01-23,11:58:44,-5.4,-7.3,1003.5,1004.5,20.1,29.2,0.08,0.0,110000,82.7,251
10010,2020-01-23,11:58:45,-5.0,-7.9,1003.5,1004.5,20.1,29.4,0.08,0.0,110000,82.7,252
10010,2020-01-23,11:58:46,-5.4,-7.3,1003.5,1004.5,20.1,29.2,0.08,0.0,110000,82.7,251
10010,2020-01-23,11:58:47,-5.4,-7.3,1003.5,1004.5,20.2,29.1,0.08,0.0,110000,82.8,251
10010,2020-01-23,11:58:48,-5.4,-7.3,1003.5,1004.5,20.3,28.9,0.08,0.0,110000,82.7,251
10010,2020-01-23,11:58:49,-5.4,-7.3,1003.5,1004.5,20.3,28.8,0.08,0.0,110000,82.7,252
10010,2020-01-23,11:58:50,-4.9,-7.9,1003.5,1004.5,20.3,28.7,0.08,0.0,110000,82.7,251
10010,2020-01-23,11:58:51,-4.9,-7.9,1003.5,1004.5,20.2,28.5,0.08,0.0,110000,82.8,252
10010,2020-01-23,11:58:52,-5.4,-7.9,1003.5,1004.6,20.3,28.7,0.08,0.0,110000,82.8,252
10010,2020-01-23,11:58:53,-5.4,-7.9,1003.5,1004.6,20.2,28.8,0.08,0.0,110000,82.8,252
10010,2020-01-23,11:58:54,-5.4,-7.9,1003.5,1004.6,20.3,28.7,0.08,0.0,110000,82.8,252
10010,2020-01-23,11:58:55,-5.4,-7.9,1003.5,1004.5,20.2,28.8,0.08,0.0,110000,82.8,252
10010,2020-01-23,11:58:56,-5.4,-7.3,1003.5,1004.6,20.1,28.9,0.08,0.0,110000,82.8,251
10010,2020-01-23,11:58:57,-5.4,-7.3,1003.5,1004.6,20.1,28.8,0.08,0.0,110000,82.8,251
10010,2020-01-23,11:58:58,-5.4,-7.3,1003.5,1004.6,20.0,28.9,0.08,0.0,110000,82.9,251
10010,2020-01-23,11:58:59,-5.4,-7.9,1003.5,1004.6,20.1,28.8,0.08,0.0,110000,82.9,252
10010,2020-01-23,11:59:00,-5.4,-7.9,1003.5,1004.6,20.1,28.7,0.08,0.0,110000,82.9,252
10010,2020-01-23,11:59:01,-5.4,-7.3,1003.5,1004.6,20.2,28.5,0.08,0.0,110000,82.8,252
10010,2020-01-23,11:59:02,-4.9,-7.3,1003.5,1004.6,20.3,28.7,0.08,0.0,110000,82.9,252
10010,2020-01-23,11:59:03,-4.9,-7.9,1003.5,1004.6,20.3,28.5,0.08,0.0,110000,82.8,252
10010,2020-01-23,11:59:04,-5.4,-7.3,1003.5,1004.6,20.3,28.7,0.08,0.0,110000,82.8,253
10010,2020-01-23,11:59:05,-4.9,-7.3,1003.5,1004.5,20.2,28.8,0.08,0.0,110000,82.8,252
10010,2020-01-23,11:59:06,-5.4,-7.9,1003.5,1004.5,20.1,28.9,0.08,0.0,110000,82.9,253
10010,2020-01-23,11:59:07,-5.4,-7.3,1003.5,1004.5,20.1,29.1,0.08,0.0,110000,82.9,253
10010,2020-01-23,11:59:08,-5.4,-7.9,1003.5,1004.5,20.1,29.2,0.08,0.0,110000,82.9,253
10010,2020-01-23,11:59:09,-4.9,-7.3,1003.5,1004.5,20.2,29.4,0.08,0.0,110000,82.8,253